function fw = fitness(x)
%Fw = 2.38116
%x(1)= 0.2444;
%x(2)= 6.2187;
%x(3)= 8.2915;
%x(4)= 0.2444;
fw = 1.10471 * (x(1)^2) * x(2) + (0.04811 * x(3) * x(4) * (14 + x(2)));
end
